# scripturl01 :: http://climexp.knmi.nl/getindices.cgi?STATION=Berkeley_land_temperature&TYPE=i&WMO=BerkeleyData/t2m_land_best&id=$id
#   Estimated Global Land-Surface TAVG based on the Complete <a href="http://www.berkeleyearth.org">Berkeley Dataset</a>
# institution :: Berkeley Earth Surface Temperature Project
# source_url :: https://berkeleyearth.org/data/
# history :: retrieved Wed Oct 30 10:51:27 MET 2019
# T2m_land_anom [K] land-surface average temperature anomalies relative to 1951-1980"
 
  1750     1     0.291
  1750     2    -1.109
  1750     3     0.039
  1750     4     0.418
  1750     5    -1.088
  1750     6    -0.875
  1750     7     0.092
  1750     8     0.991
  1750     9    -0.148
  1750    10    -1.273
  1750    11    -3.466
  1750    12    -2.102
  1751     1    -0.435
  1751     2    -2.561
  1751     3     0.461
  1751     4    -0.410
  1751     5    -1.411
  1751     6    -1.491
  1751     7     0.670
  1751     8     0.187
  1751     9    -0.482
  1751    10     0.330
  1751    11    -1.240
  1752     1    -2.121
  1752     2     2.480
  1752     3     0.645
  1752     4    -0.633
  1752     5     0.390
  1752     6    -0.067
  1752     7     0.668
  1752     8    -0.342
  1752     9     0.817
  1752    10    -0.493
  1752    11     1.173
  1752    12     0.513
  1753     1     0.271
  1753     2    -1.030
  1753     3     1.011
  1753     4    -0.102
  1753     5     0.724
  1753     6    -0.157
  1753     7    -0.413
  1753     8    -0.102
  1753     9     0.916
  1753    10     0.360
  1753    11     0.020
  1753    12    -2.395
  1754     1     0.501
  1754     2    -2.601
  1754     3    -0.912
  1754     4     4.040
  1754     5     0.892
  1754     6     0.222
  1754     7     0.020
  1754     8    -0.738
  1754     9    -0.620
  1754    10     1.033
  1754    11     0.570
  1754    12     1.307
  1755     1     0.187
  1755     2    -1.816
  1755     3    -1.375
  1755     4     0.940
  1755     5     1.053
  1755     6     0.835
  1755     7     0.390
  1755     8    -0.880
  1755     9    -0.286
  1755    10     2.935
  1755    11     0.167
  1755    12    -0.933
  1756     1     1.734
  1756     2     3.043
  1756     3    -0.692
  1756     4     1.573
  1756     5     1.310
  1756     6     0.252
  1756     7    -0.901
  1756     8    -0.645
  1756     9     0.228
  1756    10    -0.471
  1756    11    -0.957
  1756    12    -1.650
  1757     1    -1.725
  1757     2     1.406
  1757     3    -0.558
  1757     4     0.655
  1757     5     1.378
  1757     6     2.520
  1757     7     2.308
  1757     8     3.036
  1757     9     2.823
  1757    10    -2.561
  1757    11    -0.956
  1757    12    -1.574
  1758     1    -3.468
  1758     2    -2.428
  1758     3    -1.329
  1758     4    -0.736
  1758     5    -2.093
  1758     6    -0.938
  1758     7    -1.113
  1758     8    -2.386
  1758     9    -1.556
  1758    10    -5.973
  1758    11     0.254
  1758    12    -0.375
  1759     1     2.367
  1759     2     1.501
  1759     3    -0.476
  1759     4    -1.542
  1759     5    -1.440
  1759     6    -0.217
  1759     7    -2.128
  1759     8     0.405
  1759     9     0.213
  1759    10    -0.901
  1759    11    -1.652
  1759    12    -3.740
  1760     1    -3.398
  1760     2     0.139
  1760     3    -3.073
  1760     4    -1.156
  1760     5    -0.926
  1760     6    -1.922
  1760     7    -2.895
  1760     8    -0.932
  1760     9    -1.162
  1760    10    -1.743
  1760    11     0.034
  1760    12    -1.574
  1761     1    -1.641
  1761     2    -0.750
  1761     3     0.775
  1761     4    -0.472
  1761     5     1.797
  1761     6     2.654
  1761     7     3.849
  1761     8     0.986
  1761     9     0.544
  1761    10    -2.195
  1761    11    -0.146
  1761    12    -4.744
  1762     1     3.713
  1762     2     1.204
  1762     3    -1.511
  1762     4     0.525
  1762     5    -0.624
  1762     6    -1.005
  1762     7    -1.008
  1762     8     0.157
  1762     9    -1.282
  1762    10    -2.370
  1762    11     0.886
  1762    12    -0.496
  1763     1    -1.314
  1763     2    -2.099
  1763     3    -3.638
  1763     4    -0.954
  1763     5    -1.080
  1763     6    -1.826
  1763     7     0.821
  1763     8    -0.107
  1763     9    -0.251
  1763    10    -1.810
  1763    11    -1.112
  1763    12    -0.618
  1764     1    -1.107
  1764     2     2.307
  1764     3    -0.800
  1764     4    -0.805
  1764     5    -1.483
  1764     6    -2.832
  1764     7    -2.049
  1764     8    -1.911
  1764     9    -1.704
  1764    10     0.560
  1764    11    -0.837
  1764    12     1.194
  1765     1     0.613
  1765     2    -0.104
  1765     3     0.947
  1765     4     0.277
  1765     5    -0.859
  1765     6    -2.798
  1765     7    -0.546
  1765     8    -0.772
  1765     9    -1.234
  1765    10    -1.356
  1765    11    -0.768
  1765    12    -1.377
  1766     1    -3.631
  1766     2     1.197
  1766     3     0.151
  1766     4    -0.579
  1766     5    -0.287
  1766     6    -0.104
  1766     7    -1.084
  1766     8    -0.260
  1766     9     0.139
  1766    10    -0.862
  1766    11     0.866
  1766    12    -1.440
  1767     1    -3.536
  1767     2     0.244
  1767     3     1.188
  1767     4    -2.487
  1767     5    -1.346
  1767     6     0.316
  1767     7    -1.303
  1767     8     0.772
  1767     9    -0.458
  1767    10    -0.357
  1767    11     1.876
  1767    12    -2.708
  1768     1    -5.175
  1768     2    -3.433
  1768     3    -3.464
  1768     4    -1.658
  1768     5    -2.322
  1768     6    -0.974
  1768     7    -0.425
  1768     8    -1.589
  1768     9    -1.372
  1768    10    -1.569
  1768    11    -1.504
  1768    12    -0.862
  1769     1    -0.339
  1769     2    -1.328
  1769     3    -1.148
  1769     4     0.418
  1769     5     1.303
  1769     6     1.141
  1769     7    -0.291
  1769     8    -0.652
  1769     9    -1.005
  1769    10    -4.287
  1769    11    -3.662
  1769    12    -5.337
  1770     1    -0.870
  1770     2     0.230
  1770     3    -4.485
  1770     4     0.693
  1770     5    -1.395
  1770     6    -1.978
  1770     7    -2.986
  1770     8    -2.587
  1770     9    -1.392
  1770    10    -0.516
  1770    11    -0.551
  1770    12     0.994
  1771     1     2.163
  1771     2    -4.225
  1771     3    -3.417
  1771     4    -3.082
  1771     5    -1.648
  1771     6     0.245
  1771     7    -0.691
  1771     8     0.014
  1771     9    -0.998
  1771    10     0.966
  1771    11    -1.674
  1771    12    -1.554
  1772     1    -1.391
  1772     2    -2.288
  1772     3    -3.008
  1772     4     0.073
  1772     5    -2.038
  1772     6    -1.164
  1772     7    -0.112
  1772     8     0.147
  1772     9    -1.817
  1772    10    -0.186
  1772    11     1.518
  1772    12     1.879
  1773     1    -2.842
  1773     2    -2.120
  1773     3    -1.203
  1773     4     0.937
  1773     5     1.720
  1773     6    -0.658
  1773     7     0.161
  1773     8    -0.185
  1773     9     0.389
  1773    10    -0.254
  1773    11    -2.760
  1773    12     1.747
  1774     1    -3.239
  1774     2     1.278
  1774     3     0.065
  1774     4     1.789
  1774     5     5.776
  1774     6     1.881
  1774     7     1.957
  1774     8     0.098
  1774     9    -1.343
  1774    10    -0.781
  1774    11    -2.982
  1774    12    -3.289
  1775     1     1.445
  1775     2     2.688
  1775     3     1.775
  1775     4    -1.022
  1775     5    -0.400
  1775     6    -1.416
  1775     7     0.069
  1775     8     0.536
  1775     9    -1.028
  1775    10     1.017
  1775    11     2.150
  1775    12    -2.208
  1776     1    -3.274
  1776     2     1.023
  1776     3    -1.364
  1776     4    -1.387
  1776     5    -1.299
  1776     6     0.751
  1776     7    -0.532
  1776     8     0.880
  1776     9    -1.734
  1776    10    -1.570
  1776    11    -0.267
  1776    12     1.451
  1777     1     3.417
  1777     2     1.305
  1777     3    -0.286
  1777     4    -2.337
  1777     5    -0.189
  1777     6    -1.284
  1777     7    -1.916
  1777     8    -1.041
  1777     9    -0.768
  1777    10    -2.397
  1777    11    -0.606
  1777    12    -0.103
  1778     1     0.441
  1778     2     2.357
  1778     3    -1.217
  1778     4     2.380
  1778     5    -0.265
  1778     6    -2.132
  1778     7     0.637
  1778     8    -0.940
  1778     9     1.073
  1778    10    -1.450
  1778    11    -2.319
  1778    12    -1.648
  1779     1    -1.585
  1779     2     1.281
  1779     3     1.009
  1779     4     1.234
  1779     5     2.511
  1779     6    -1.323
  1779     7    -1.010
  1779     8    -0.173
  1779     9     0.460
  1779    10     0.124
  1779    11    -0.104
  1779    12    -0.999
  1780     1     0.016
  1780     2     0.716
  1780     3    -0.160
  1780     4     4.841
  1780     5     3.372
  1780     6     0.544
  1780     7     1.300
  1780     8    -0.854
  1780     9    -2.493
  1780    10     0.398
  1780    11     0.077
  1780    12    -1.203
  1781     1     0.076
  1781     2    -0.970
  1781     3    -0.503
  1781     4    -1.299
  1781     5    -0.293
  1781     6    -1.935
  1781     7    -0.147
  1781     8     0.409
  1781     9    -1.799
  1781    10    -0.545
  1781    11     1.458
  1781    12    -0.135
  1782     1    -2.040
  1782     2    -2.158
  1782     3    -2.516
  1782     4     0.249
  1782     5     0.095
  1782     6     0.251
  1782     7    -0.494
  1782     8     1.468
  1782     9     0.427
  1782    10    -0.683
  1782    11    -1.602
  1782    12    -1.227
  1783     1    -3.208
  1783     2     1.444
  1783     3    -0.938
  1783     4    -0.079
  1783     5     0.442
  1783     6     1.111
  1783     7    -0.994
  1783     8    -0.177
  1783     9    -2.434
  1783    10    -1.542
  1783    11    -3.449
  1783    12    -0.801
  1784     1    -0.535
  1784     2    -2.037
  1784     3    -1.193
  1784     4    -0.352
  1784     5    -1.828
  1784     6    -0.496
  1784     7     0.103
  1784     8     0.909
  1784     9    -2.023
  1784    10    -2.180
  1784    11    -1.950
  1784    12    -0.202
  1785     1    -1.372
  1785     2    -2.143
  1785     3    -2.592
  1785     4    -1.947
  1785     5    -1.568
  1785     6     0.245
  1785     7    -0.067
  1785     8     0.507
  1785     9    -1.599
  1785    10    -1.072
  1785    11    -0.583
  1785    12    -2.013
  1786     1    -1.973
  1786     2    -0.853
  1786     3     0.460
  1786     4     0.726
  1786     5     0.148
  1786     6    -0.216
  1786     7     0.773
  1786     8     0.495
  1786     9     0.003
  1786    10    -0.709
  1786    11    -1.231
  1786    12    -2.724
  1787     1    -0.306
  1787     2    -0.845
  1787     3    -0.714
  1787     4    -0.759
  1787     5    -0.120
  1787     6     0.801
  1787     7    -1.039
  1787     8    -0.497
  1787     9    -1.784
  1787    10    -1.195
  1787    11    -0.910
  1787    12    -0.958
  1788     1    -2.576
  1788     2     0.229
  1788     3    -0.728
  1788     4    -0.088
  1788     5    -0.798
  1788     6     0.180
  1788     7     1.830
  1788     8     0.415
  1788     9    -0.332
  1788    10     0.210
  1788    11     0.331
  1788    12    -2.563
  1789     1     0.807
  1789     2    -1.240
  1789     3    -0.935
  1789     4    -0.722
  1789     5    -0.121
  1789     6    -0.282
  1789     7     0.738
  1789     8    -0.366
  1789     9    -0.193
  1789    10    -1.358
  1789    11     0.420
  1789    12    -0.127
  1790     1    -0.017
  1790     2    -0.206
  1790     3    -0.799
  1790     4    -1.357
  1790     5    -0.950
  1790     6    -0.176
  1790     7    -0.858
  1790     8    -0.278
  1790     9    -0.893
  1790    10    -0.606
  1790    11    -0.733
  1790    12    -0.814
  1791     1    -0.531
  1791     2    -0.294
  1791     3    -0.621
  1791     4     0.613
  1791     5    -1.280
  1791     6    -0.411
  1791     7    -0.937
  1791     8    -0.268
  1791     9    -0.484
  1791    10    -1.170
  1791    11    -0.048
  1791    12    -0.291
  1792     1    -2.040
  1792     2     0.400
  1792     3    -0.832
  1792     4    -0.306
  1792     5     0.125
  1792     6     0.263
  1792     7     0.156
  1792     8    -1.385
  1792     9     0.308
  1792    10    -1.318
  1792    11    -0.927
  1792    12    -0.091
  1793     1    -1.215
  1793     2     1.460
  1793     3     0.091
  1793     4     0.596
  1793     5    -0.255
  1793     6    -0.130
  1793     7    -0.076
  1793     8    -0.572
  1793     9    -0.400
  1793    10    -0.788
  1793    11    -0.594
  1793    12    -1.495
  1794     1     1.034
  1794     2    -0.059
  1794     3     0.954
  1794     4     0.553
  1794     5     1.154
  1794     6    -1.234
  1794     7    -1.455
  1794     8    -0.249
  1794     9     0.537
  1794    10    -0.078
  1794    11    -0.174
  1794    12    -0.220
  1795     1     0.696
  1795     2     1.528
  1795     3     0.795
  1795     4     1.091
  1795     5     0.673
  1795     6    -1.063
  1795     7     0.441
  1795     8     0.142
  1795     9    -1.623
  1795    10    -1.139
  1795    11    -0.437
  1795    12     0.278
  1796     1     0.931
  1796     2     0.344
  1796     3    -2.099
  1796     4    -0.774
  1796     5    -0.170
  1796     6     0.911
  1796     7    -0.192
  1796     8     0.683
  1796     9    -0.168
  1796    10    -0.405
  1796    11    -0.616
  1796    12    -2.154
  1797     1     1.844
  1797     2     2.295
  1797     3    -0.879
  1797     4    -1.435
  1797     5    -0.638
  1797     6     0.349
  1797     7    -0.572
  1797     8     0.185
  1797     9     0.165
  1797    10    -0.131
  1797    11    -1.024
  1797    12    -0.276
  1798     1    -0.045
  1798     2     0.243
  1798     3     1.686
  1798     4    -0.830
  1798     5    -0.093
  1798     6    -0.383
  1798     7     0.130
  1798     8     0.675
  1798     9    -0.755
  1798    10    -0.638
  1798    11    -0.165
  1798    12    -1.642
  1799     1    -0.536
  1799     2    -1.309
  1799     3    -1.960
  1799     4     0.216
  1799     5    -0.083
  1799     6    -0.181
  1799     7    -0.067
  1799     8    -0.294
  1799     9    -0.143
  1799    10     0.052
  1799    11    -0.097
  1799    12    -0.936
  1800     1    -0.298
  1800     2    -0.353
  1800     3    -0.592
  1800     4     0.453
  1800     5    -0.405
  1800     6    -0.083
  1800     7    -0.753
  1800     8    -0.303
  1800     9    -1.037
  1800    10     0.104
  1800    11    -0.435
  1800    12    -0.244
  1801     1     0.450
  1801     2     0.702
  1801     3     1.145
  1801     4    -1.128
  1801     5     0.567
  1801     6    -0.660
  1801     7    -0.148
  1801     8    -1.015
  1801     9    -0.425
  1801    10     0.827
  1801    11    -0.614
  1801    12     0.644
  1802     1     1.308
  1802     2     0.538
  1802     3     0.288
  1802     4    -0.061
  1802     5    -0.867
  1802     6     0.107
  1802     7    -0.202
  1802     8    -0.517
  1802     9    -0.093
  1802    10    -0.018
  1802    11    -1.019
  1802    12    -0.683
  1803     1    -1.716
  1803     2    -1.366
  1803     3    -0.249
  1803     4     0.766
  1803     5     0.095
  1803     6     0.223
  1803     7     0.183
  1803     8     0.744
  1803     9     0.101
  1803    10     0.577
  1803    11    -0.381
  1803    12    -0.994
  1804     1    -0.238
  1804     2    -1.314
  1804     3    -1.054
  1804     4     1.131
  1804     5     0.753
  1804     6     0.164
  1804     7     1.206
  1804     8     0.347
  1804     9     0.336
  1804    10    -0.017
  1804    11     0.825
  1804    12    -1.049
  1805     1     0.329
  1805     2    -0.549
  1805     3     0.448
  1805     4    -0.225
  1805     5    -0.148
  1805     6     0.638
  1805     7     0.250
  1805     8     1.205
  1805     9    -0.080
  1805    10    -1.534
  1805    11    -1.724
  1805    12     0.599
  1806     1     0.339
  1806     2    -0.307
  1806     3    -0.658
  1806     4    -0.467
  1806     5     0.244
  1806     6    -1.112
  1806     7    -0.496
  1806     8     0.580
  1806     9     0.360
  1806    10    -0.868
  1806    11    -0.948
  1806    12     0.390
  1807     1    -1.640
  1807     2     0.120
  1807     3    -0.667
  1807     4    -1.456
  1807     5    -2.038
  1807     6    -0.141
  1807     7    -0.183
  1807     8    -0.435
  1807     9     0.569
  1807    10    -0.193
  1807    11     0.148
  1807    12     0.880
  1808     1    -1.453
  1808     2    -1.061
  1808     3    -1.066
  1808     4    -0.964
  1808     5    -1.963
  1808     6    -0.227
  1808     7     0.156
  1808     8    -0.667
  1808     9     0.813
  1808    10    -1.276
  1808    11    -1.504
  1808    12    -2.601
  1809     1    -2.234
  1809     2    -2.289
  1809     3    -1.956
  1809     4    -0.570
  1809     5    -1.740
  1809     6    -0.445
  1809     7    -1.601
  1809     8    -0.736
  1809     9    -0.967
  1809    10    -0.529
  1809    11    -2.759
  1809    12    -1.537
  1810     1    -1.512
  1810     2    -0.639
  1810     3    -0.513
  1810     4    -1.780
  1810     5    -2.083
  1810     6    -1.568
  1810     7    -1.521
  1810     8    -1.541
  1810     9    -2.308
  1810    10    -2.163
  1810    11    -1.833
  1810    12    -0.774
  1811     1    -1.403
  1811     2    -2.561
  1811     3    -1.409
  1811     4    -1.712
  1811     5    -1.213
  1811     6    -1.042
  1811     7    -2.131
  1811     8    -0.415
  1811     9    -1.614
  1811    10    -2.169
  1811    11    -2.221
  1811    12     0.196
  1812     1    -1.334
  1812     2    -2.967
  1812     3    -3.024
  1812     4    -1.489
  1812     5    -1.811
  1812     6    -1.632
  1812     7    -0.076
  1812     8     1.321
  1812     9    -1.865
  1812    10    -1.482
  1812    11    -1.480
  1812    12    -2.054
  1813     1    -3.633
  1813     2    -1.009
  1813     3    -3.729
  1813     4    -0.131
  1813     5     0.111
  1813     6    -0.543
  1813     7    -0.141
  1813     8    -0.842
  1813     9     0.186
  1813    10    -0.665
  1813    11     0.770
  1813    12    -1.231
  1814     1    -0.644
  1814     2    -1.418
  1814     3    -2.662
  1814     4    -1.307
  1814     5    -2.064
  1814     6    -0.801
  1814     7    -1.865
  1814     8    -1.056
  1814     9    -1.437
  1814    10    -1.635
  1814    11     0.802
  1814    12     2.726
  1815     1    -0.550
  1815     2    -0.869
  1815     3    -1.587
  1815     4    -1.736
  1815     5    -1.467
  1815     6    -2.412
  1815     7    -0.029
  1815     8    -0.546
  1815     9    -0.850
  1815    10    -1.946
  1815    11    -2.076
  1815    12    -2.353
  1816     1     0.190
  1816     2    -2.762
  1816     3    -1.320
  1816     4    -0.657
  1816     5    -0.769
  1816     6    -1.882
  1816     7    -2.084
  1816     8    -1.223
  1816     9    -1.636
  1816    10    -3.558
  1816    11    -1.852
  1816    12    -2.318
  1817     1    -0.766
  1817     2     0.604
  1817     3    -0.619
  1817     4    -0.145
  1817     5    -1.828
  1817     6    -2.459
  1817     7    -2.271
  1817     8    -0.544
  1817     9    -3.371
  1817    10    -3.015
  1817    11    -1.243
  1817    12    -3.104
  1818     1    -1.170
  1818     2    -2.260
  1818     3     0.239
  1818     4     1.437
  1818     5    -0.240
  1818     6     0.200
  1818     7    -0.917
  1818     8    -0.628
  1818     9    -1.594
  1818    10    -2.654
  1818    11    -0.933
  1818    12    -0.815
  1819     1    -1.198
  1819     2    -0.821
  1819     3    -2.280
  1819     4    -1.292
  1819     5    -1.221
  1819     6    -0.950
  1819     7    -1.335
  1819     8    -1.282
  1819     9    -1.098
  1819    10    -0.511
  1819    11    -0.911
  1819    12    -1.185
  1820     1    -1.727
  1820     2    -0.687
  1820     3    -0.551
  1820     4     0.558
  1820     5     0.255
  1820     6    -0.193
  1820     7    -0.776
  1820     8    -1.670
  1820     9    -0.884
  1820    10    -1.678
  1820    11    -1.481
  1820    12    -1.839
  1821     1     0.434
  1821     2     0.649
  1821     3    -0.067
  1821     4    -0.551
  1821     5    -0.054
  1821     6    -1.030
  1821     7    -1.395
  1821     8    -0.894
  1821     9    -2.090
  1821    10    -0.929
  1821    11    -0.592
  1821    12    -0.937
  1822     1     0.128
  1822     2     1.039
  1822     3     2.212
  1822     4    -0.327
  1822     5    -0.850
  1822     6    -0.429
  1822     7    -0.442
  1822     8    -0.807
  1822     9    -1.471
  1822    10    -1.507
  1822    11    -1.566
  1822    12    -2.549
  1823     1    -0.903
  1823     2    -1.042
  1823     3    -0.427
  1823     4    -0.885
  1823     5    -0.896
  1823     6     0.126
  1823     7    -0.268
  1823     8    -0.926
  1823     9    -1.689
  1823    10    -1.650
  1823    11    -1.603
  1823    12    -1.152
  1824     1     0.284
  1824     2    -0.419
  1824     3    -0.009
  1824     4     0.052
  1824     5    -0.116
  1824     6    -0.224
  1824     7     0.373
  1824     8    -0.532
  1824     9    -0.655
  1824    10    -1.173
  1824    11    -0.467
  1824    12     1.470
  1825     1     0.406
  1825     2    -0.359
  1825     3    -0.173
  1825     4     0.821
  1825     5    -0.360
  1825     6     0.064
  1825     7    -0.856
  1825     8    -0.844
  1825     9    -1.266
  1825    10    -1.099
  1825    11     0.140
  1825    12    -0.266
  1826     1    -0.461
  1826     2    -1.604
  1826     3    -0.442
  1826     4     0.089
  1826     5     0.580
  1826     6    -0.296
  1826     7     0.139
  1826     8    -0.755
  1826     9    -0.974
  1826    10    -0.586
  1826    11     0.842
  1826    12     1.567
  1827     1     1.290
  1827     2     0.675
  1827     3     0.694
  1827     4     1.302
  1827     5     0.460
  1827     6    -0.027
  1827     7     0.211
  1827     8    -0.244
  1827     9    -0.942
  1827    10    -0.697
  1827    11     0.248
  1827    12    -0.502
  1828     1    -1.689
  1828     2    -1.144
  1828     3     0.376
  1828     4     0.451
  1828     5     0.018
  1828     6     0.282
  1828     7    -0.009
  1828     8    -0.395
  1828     9    -2.071
  1828    10    -0.544
  1828    11    -0.227
  1828    12    -0.793
  1829     1    -0.554
  1829     2    -1.484
  1829     3    -0.432
  1829     4    -0.627
  1829     5    -0.069
  1829     6    -0.811
  1829     7    -0.271
  1829     8    -0.693
  1829     9    -1.503
  1829    10    -0.633
  1829    11    -0.955
  1829    12    -0.852
  1830     1     0.661
  1830     2     1.024
  1830     3    -0.757
  1830     4     0.422
  1830     5    -1.079
  1830     6    -0.758
  1830     7     0.267
  1830     8    -0.631
  1830     9    -1.645
  1830    10    -1.207
  1830    11     1.453
  1830    12     0.990
  1831     1    -0.235
  1831     2    -0.727
  1831     3    -0.752
  1831     4    -0.605
  1831     5    -0.367
  1831     6    -0.492
  1831     7    -0.864
  1831     8    -1.719
  1831     9    -2.081
  1831    10    -1.457
  1831    11    -1.499
  1831    12    -1.355
  1832     1    -0.616
  1832     2    -1.242
  1832     3    -0.737
  1832     4    -0.348
  1832     5    -0.788
  1832     6    -0.968
  1832     7    -0.926
  1832     8    -1.758
  1832     9    -1.782
  1832    10    -0.671
  1832    11    -1.741
  1832    12    -2.364
  1833     1    -0.279
  1833     2    -0.404
  1833     3    -1.137
  1833     4    -0.534
  1833     5    -0.625
  1833     6    -0.522
  1833     7    -0.904
  1833     8    -0.887
  1833     9    -0.928
  1833    10    -1.227
  1833    11     0.757
  1833    12    -0.223
  1834     1    -2.168
  1834     2    -0.496
  1834     3     0.406
  1834     4    -0.227
  1834     5    -0.052
  1834     6    -0.755
  1834     7    -0.536
  1834     8    -0.749
  1834     9    -0.710
  1834    10    -0.674
  1834    11     0.601
  1834    12    -0.302
  1835     1     0.508
  1835     2    -0.196
  1835     3    -0.912
  1835     4    -0.614
  1835     5    -1.106
  1835     6    -1.497
  1835     7    -1.637
  1835     8    -1.805
  1835     9    -2.183
  1835    10    -1.296
  1835    11    -1.847
  1835    12    -2.036
  1836     1    -0.518
  1836     2    -0.665
  1836     3    -0.085
  1836     4    -1.259
  1836     5    -1.191
  1836     6    -1.275
  1836     7    -1.181
  1836     8    -1.789
  1836     9    -1.560
  1836    10    -0.569
  1836    11    -2.034
  1836    12    -0.420
  1837     1    -0.230
  1837     2    -0.477
  1837     3    -1.574
  1837     4    -1.984
  1837     5    -1.631
  1837     6    -1.501
  1837     7    -1.439
  1837     8    -1.141
  1837     9    -1.468
  1837    10    -1.643
  1837    11    -1.644
  1837    12    -1.103
  1838     1    -2.901
  1838     2    -1.597
  1838     3    -1.695
  1838     4    -1.072
  1838     5    -1.310
  1838     6    -0.928
  1838     7    -0.346
  1838     8    -0.628
  1838     9    -1.148
  1838    10    -0.707
  1838    11    -0.834
  1838    12    -0.824
  1839     1    -0.166
  1839     2     0.350
  1839     3    -2.674
  1839     4    -0.448
  1839     5    -1.015
  1839     6    -0.842
  1839     7    -0.029
  1839     8     0.048
  1839     9    -1.272
  1839    10    -1.073
  1839    11    -2.041
  1839    12    -2.217
  1840     1     0.241
  1840     2    -0.999
  1840     3    -1.356
  1840     4    -0.539
  1840     5    -0.211
  1840     6    -0.327
  1840     7     0.029
  1840     8    -1.005
  1840     9    -1.206
  1840    10    -1.781
  1840    11    -1.920
  1840    12    -1.518
  1841     1    -1.695
  1841     2    -0.587
  1841     3    -2.136
  1841     4    -1.725
  1841     5    -0.741
  1841     6    -0.716
  1841     7    -0.097
  1841     8    -0.457
  1841     9    -1.388
  1841    10    -0.636
  1841    11    -1.299
  1841    12    -1.041
  1842     1    -0.743
  1842     2    -0.319
  1842     3     0.376
  1842     4    -0.187
  1842     5    -0.904
  1842     6    -1.086
  1842     7    -1.033
  1842     8    -0.841
  1842     9    -1.286
  1842    10    -0.980
  1842    11    -1.214
  1842    12     0.155
  1843     1     0.573
  1843     2     0.815
  1843     3    -0.569
  1843     4    -0.557
  1843     5    -1.384
  1843     6    -1.150
  1843     7    -0.704
  1843     8    -0.814
  1843     9    -0.967
  1843    10    -0.652
  1843    11    -1.160
  1843    12     0.229
  1844     1    -0.553
  1844     2    -1.024
  1844     3    -0.717
  1844     4    -1.051
  1844     5    -1.282
  1844     6    -0.870
  1844     7    -0.753
  1844     8    -0.998
  1844     9    -1.305
  1844    10    -0.641
  1844    11    -1.676
  1844    12    -1.724
  1845     1     0.126
  1845     2    -1.573
  1845     3    -0.834
  1845     4    -0.294
  1845     5    -0.998
  1845     6    -0.797
  1845     7    -0.297
  1845     8    -0.529
  1845     9    -1.033
  1845    10    -1.506
  1845    11    -0.915
  1845    12    -1.846
  1846     1     0.776
  1846     2     0.272
  1846     3     0.908
  1846     4    -0.959
  1846     5    -0.551
  1846     6    -0.160
  1846     7     0.220
  1846     8    -0.047
  1846     9    -0.480
  1846    10    -1.119
  1846    11    -1.018
  1846    12     0.063
  1847     1     0.166
  1847     2     0.363
  1847     3    -1.449
  1847     4    -0.462
  1847     5    -0.878
  1847     6    -0.872
  1847     7    -0.409
  1847     8    -0.712
  1847     9    -0.684
  1847    10    -0.725
  1847    11    -0.582
  1847    12    -1.902
  1848     1    -2.071
  1848     2     0.519
  1848     3    -0.628
  1848     4    -0.337
  1848     5    -0.900
  1848     6    -0.490
  1848     7    -0.194
  1848     8    -0.808
  1848     9    -1.263
  1848    10    -0.686
  1848    11    -0.938
  1848    12    -1.596
  1849     1    -0.635
  1849     2    -0.672
  1849     3    -0.174
  1849     4    -1.338
  1849     5    -1.333
  1849     6    -0.734
  1849     7    -0.196
  1849     8    -0.520
  1849     9    -1.204
  1849    10    -0.493
  1849    11    -0.399
  1849    12    -1.772
  1850     1    -1.915
  1850     2    -0.231
  1850     3    -0.550
  1850     4    -1.326
  1850     5    -1.448
  1850     6    -0.585
  1850     7    -0.141
  1850     8    -0.114
  1850     9    -0.823
  1850    10    -1.317
  1850    11    -1.509
  1850    12    -1.201
  1851     1    -0.161
  1851     2    -0.761
  1851     3    -1.344
  1851     4    -1.209
  1851     5    -0.438
  1851     6    -0.365
  1851     7    -0.032
  1851     8    -0.347
  1851     9    -0.544
  1851    10    -0.287
  1851    11    -1.303
  1851    12    -0.575
  1852     1    -0.328
  1852     2    -0.804
  1852     3    -1.745
  1852     4    -1.032
  1852     5    -0.334
  1852     6    -0.642
  1852     7    -0.185
  1852     8    -0.900
  1852     9    -0.785
  1852    10    -0.477
  1852    11    -1.611
  1852    12     0.085
  1853     1    -0.773
  1853     2    -1.152
  1853     3    -1.388
  1853     4    -0.899
  1853     5    -0.520
  1853     6    -0.363
  1853     7     0.077
  1853     8    -0.096
  1853     9    -0.627
  1853    10    -0.759
  1853    11    -1.457
  1853    12    -0.713
  1854     1    -1.339
  1854     2    -1.313
  1854     3    -0.684
  1854     4    -0.775
  1854     5    -0.443
  1854     6    -0.874
  1854     7     0.046
  1854     8    -0.225
  1854     9    -0.647
  1854    10     0.510
  1854    11    -0.456
  1854    12    -0.092
  1855     1     0.161
  1855     2    -0.177
  1855     3    -0.718
  1855     4     0.210
  1855     5    -0.163
  1855     6    -0.576
  1855     7    -0.701
  1855     8    -0.531
  1855     9    -1.006
  1855    10    -0.805
  1855    11    -0.961
  1855    12    -1.686
  1856     1     0.057
  1856     2    -1.059
  1856     3    -1.049
  1856     4    -0.603
  1856     5    -0.788
  1856     6    -0.078
  1856     7    -0.414
  1856     8    -1.008
  1856     9    -1.317
  1856    10    -1.277
  1856    11    -0.915
  1856    12    -0.319
  1857     1    -0.844
  1857     2    -0.983
  1857     3    -1.032
  1857     4    -1.639
  1857     5    -1.528
  1857     6    -0.963
  1857     7    -0.558
  1857     8    -0.778
  1857     9    -0.976
  1857    10    -1.137
  1857    11    -0.995
  1857    12    -0.185
  1858     1    -0.055
  1858     2    -1.034
  1858     3    -0.572
  1858     4    -0.160
  1858     5    -0.575
  1858     6    -0.330
  1858     7    -0.641
  1858     8    -0.720
  1858     9    -1.027
  1858    10    -0.534
  1858    11    -0.267
  1858    12    -1.270
  1859     1    -0.607
  1859     2    -0.591
  1859     3    -0.445
  1859     4     0.121
  1859     5     0.060
  1859     6    -0.230
  1859     7    -0.505
  1859     8    -0.703
  1859     9    -1.076
  1859    10    -0.359
  1859    11    -0.350
  1859    12    -0.523
  1860     1    -0.793
  1860     2    -0.729
  1860     3    -1.992
  1860     4    -0.617
  1860     5    -0.354
  1860     6    -0.252
  1860     7    -0.213
  1860     8    -0.108
  1860     9    -0.317
  1860    10    -0.573
  1860    11    -1.276
  1860    12    -2.156
  1861     1    -2.167
  1861     2    -0.997
  1861     3    -0.884
  1861     4    -0.824
  1861     5    -0.870
  1861     6    -0.490
  1861     7    -0.365
  1861     8    -0.143
  1861     9    -0.716
  1861    10    -0.966
  1861    11    -0.335
  1861    12    -0.845
  1862     1    -2.042
  1862     2    -1.580
  1862     3    -1.066
  1862     4    -1.202
  1862     5    -0.505
  1862     6    -0.666
  1862     7    -0.470
  1862     8    -0.812
  1862     9    -1.103
  1862    10    -1.056
  1862    11    -1.357
  1862    12    -2.113
  1863     1     0.400
  1863     2     0.147
  1863     3    -0.583
  1863     4    -0.220
  1863     5    -0.177
  1863     6    -0.497
  1863     7    -0.616
  1863     8    -0.694
  1863     9    -1.088
  1863    10    -1.260
  1863    11    -0.714
  1863    12    -0.977
  1864     1    -1.177
  1864     2    -0.646
  1864     3    -0.753
  1864     4    -0.912
  1864     5    -0.330
  1864     6    -0.187
  1864     7    -0.257
  1864     8    -0.571
  1864     9    -0.807
  1864    10    -0.649
  1864    11    -1.050
  1864    12    -1.547
  1865     1     0.198
  1865     2    -1.154
  1865     3    -1.336
  1865     4    -1.031
  1865     5    -0.513
  1865     6    -0.433
  1865     7    -0.199
  1865     8    -0.347
  1865     9    -0.404
  1865    10    -0.189
  1865    11    -0.009
  1865    12    -1.041
  1866     1     0.275
  1866     2    -1.056
  1866     3    -1.034
  1866     4    -0.602
  1866     5    -0.557
  1866     6    -0.761
  1866     7     0.173
  1866     8    -0.496
  1866     9    -0.587
  1866    10    -0.791
  1866    11    -0.213
  1866    12     0.356
  1867     1    -0.278
  1867     2    -0.720
  1867     3    -0.897
  1867     4    -0.234
  1867     5    -0.893
  1867     6    -0.233
  1867     7    -0.133
  1867     8    -0.338
  1867     9    -0.363
  1867    10    -0.122
  1867    11     0.733
  1867    12     0.010
  1868     1    -0.866
  1868     2    -1.404
  1868     3    -0.851
  1868     4    -0.299
  1868     5    -0.248
  1868     6    -0.273
  1868     7     0.165
  1868     8    -0.169
  1868     9    -0.670
  1868    10     0.050
  1868    11    -1.027
  1868    12    -0.463
  1869     1    -0.418
  1869     2     0.204
  1869     3    -1.059
  1869     4    -0.479
  1869     5    -0.150
  1869     6    -0.131
  1869     7     0.016
  1869     8     0.002
  1869     9     0.159
  1869    10    -0.361
  1869    11    -0.405
  1869    12    -0.974
  1870     1    -0.702
  1870     2    -1.214
  1870     3    -0.843
  1870     4    -0.549
  1870     5    -0.183
  1870     6     0.152
  1870     7     0.136
  1870     8    -0.485
  1870     9    -0.194
  1870    10    -0.531
  1870    11    -0.606
  1870    12    -1.502
  1871     1    -1.335
  1871     2    -1.548
  1871     3    -0.694
  1871     4    -0.047
  1871     5    -0.593
  1871     6    -0.407
  1871     7    -0.096
  1871     8    -0.013
  1871     9    -0.538
  1871    10    -0.202
  1871    11    -1.218
  1871    12    -0.827
  1872     1    -1.028
  1872     2    -0.926
  1872     3    -0.554
  1872     4    -0.611
  1872     5    -0.282
  1872     6    -0.511
  1872     7    -0.128
  1872     8    -0.103
  1872     9    -0.248
  1872    10    -0.153
  1872    11    -0.936
  1872    12    -1.255
  1873     1    -0.739
  1873     2    -0.143
  1873     3    -0.712
  1873     4    -1.000
  1873     5    -0.433
  1873     6    -0.175
  1873     7    -0.159
  1873     8    -0.183
  1873     9    -0.689
  1873    10    -0.093
  1873    11    -0.398
  1873    12    -0.037
  1874     1    -0.056
  1874     2    -0.205
  1874     3    -1.243
  1874     4    -0.247
  1874     5    -0.146
  1874     6    -0.229
  1874     7    -0.295
  1874     8    -0.151
  1874     9    -0.061
  1874    10    -0.187
  1874    11    -0.506
  1874    12    -0.353
  1875     1    -1.157
  1875     2    -0.903
  1875     3    -1.104
  1875     4    -0.855
  1875     5    -0.673
  1875     6    -0.384
  1875     7    -0.283
  1875     8    -0.639
  1875     9    -0.873
  1875    10    -0.684
  1875    11    -1.553
  1875    12    -0.973
  1876     1    -0.737
  1876     2    -0.621
  1876     3    -0.574
  1876     4    -0.256
  1876     5    -0.730
  1876     6    -0.436
  1876     7    -0.145
  1876     8    -0.504
  1876     9    -0.515
  1876    10    -0.374
  1876    11    -1.039
  1876    12    -1.547
  1877     1    -0.459
  1877     2    -0.416
  1877     3    -0.088
  1877     4    -0.428
  1877     5    -0.307
  1877     6    -0.178
  1877     7     0.211
  1877     8     0.200
  1877     9    -0.027
  1877    10    -0.033
  1877    11     0.084
  1877    12    -0.854
  1878     1    -0.723
  1878     2     0.430
  1878     3     1.226
  1878     4     0.451
  1878     5    -0.346
  1878     6     0.265
  1878     7     0.466
  1878     8     0.227
  1878     9     0.008
  1878    10    -0.046
  1878    11     0.213
  1878    12    -0.380
  1879     1    -0.398
  1879     2    -0.667
  1879     3    -0.432
  1879     4    -0.687
  1879     5    -0.565
  1879     6    -0.253
  1879     7    -0.180
  1879     8    -0.656
  1879     9    -0.750
  1879    10    -0.074
  1879    11    -0.627
  1879    12    -1.164
  1880     1    -0.938
  1880     2    -1.327
  1880     3    -0.895
  1880     4    -0.915
  1880     5    -0.342
  1880     6    -0.337
  1880     7    -0.284
  1880     8    -0.215
  1880     9    -0.771
  1880    10    -0.620
  1880    11    -0.334
  1880    12    -0.559
  1881     1    -0.246
  1881     2    -0.701
  1881     3    -0.402
  1881     4    -0.083
  1881     5    -0.206
  1881     6    -0.866
  1881     7    -0.288
  1881     8    -0.228
  1881     9    -0.458
  1881    10    -0.442
  1881    11    -0.851
  1881    12    -0.462
  1882     1     0.363
  1882     2    -0.049
  1882     3    -0.365
  1882     4    -0.710
  1882     5    -0.514
  1882     6    -0.775
  1882     7    -0.738
  1882     8    -0.301
  1882     9    -0.396
  1882    10    -0.826
  1882    11    -1.105
  1882    12    -1.558
  1883     1    -1.119
  1883     2    -1.358
  1883     3    -0.407
  1883     4    -0.692
  1883     5    -0.598
  1883     6    -0.236
  1883     7    -0.453
  1883     8    -0.715
  1883     9    -0.816
  1883    10    -0.311
  1883    11    -1.171
  1883    12    -0.415
  1884     1    -0.478
  1884     2    -0.706
  1884     3    -1.460
  1884     4    -1.197
  1884     5    -1.180
  1884     6    -0.951
  1884     7    -0.799
  1884     8    -0.653
  1884     9    -0.858
  1884    10    -0.781
  1884    11    -0.939
  1884    12    -0.579
  1885     1    -1.559
  1885     2    -1.026
  1885     3    -0.695
  1885     4    -0.935
  1885     5    -0.826
  1885     6    -0.822
  1885     7    -0.427
  1885     8    -0.606
  1885     9    -0.705
  1885    10    -0.509
  1885    11    -0.763
  1885    12    -0.018
  1886     1    -1.185
  1886     2    -1.521
  1886     3    -1.215
  1886     4    -0.519
  1886     5    -0.658
  1886     6    -0.759
  1886     7    -0.227
  1886     8    -0.625
  1886     9    -0.549
  1886    10    -0.732
  1886    11    -0.905
  1886    12    -0.134
  1887     1    -1.779
  1887     2    -1.179
  1887     3    -0.828
  1887     4    -0.599
  1887     5    -0.578
  1887     6    -0.709
  1887     7    -0.407
  1887     8    -0.870
  1887     9    -0.462
  1887    10    -0.589
  1887    11    -0.625
  1887    12    -0.832
  1888     1    -0.880
  1888     2    -1.239
  1888     3    -1.052
  1888     4    -0.611
  1888     5    -0.744
  1888     6    -0.709
  1888     7    -0.215
  1888     8    -0.455
  1888     9    -0.487
  1888    10    -0.116
  1888    11    -0.362
  1888    12    -0.480
  1889     1    -0.828
  1889     2     0.206
  1889     3    -0.057
  1889     4     0.181
  1889     5    -0.193
  1889     6    -0.243
  1889     7    -0.183
  1889     8    -0.457
  1889     9    -0.594
  1889    10    -0.493
  1889    11    -1.154
  1889    12    -0.600
  1890     1    -0.838
  1890     2    -0.752
  1890     3    -1.164
  1890     4    -0.635
  1890     5    -0.952
  1890     6    -0.693
  1890     7    -0.429
  1890     8    -0.677
  1890     9    -0.618
  1890    10    -0.127
  1890    11    -1.171
  1890    12    -0.744
  1891     1    -0.971
  1891     2    -1.377
  1891     3    -0.587
  1891     4    -0.788
  1891     5    -0.597
  1891     6    -0.692
  1891     7    -0.522
  1891     8    -0.476
  1891     9    -0.427
  1891    10    -0.614
  1891    11    -1.055
  1891    12    -0.059
  1892     1    -0.621
  1892     2    -0.485
  1892     3    -1.036
  1892     4    -0.813
  1892     5    -0.728
  1892     6    -0.255
  1892     7    -0.538
  1892     8    -0.503
  1892     9    -0.395
  1892    10    -0.036
  1892    11    -1.226
  1892    12    -0.781
  1893     1    -2.114
  1893     2    -1.594
  1893     3    -0.430
  1893     4    -0.377
  1893     5    -0.642
  1893     6    -0.485
  1893     7    -0.098
  1893     8    -0.458
  1893     9    -0.392
  1893    10    -0.184
  1893    11    -0.326
  1893    12    -0.630
  1894     1    -0.981
  1894     2    -0.421
  1894     3    -0.338
  1894     4    -0.746
  1894     5    -0.442
  1894     6    -0.666
  1894     7    -0.380
  1894     8    -0.440
  1894     9    -0.560
  1894    10    -0.179
  1894    11    -0.718
  1894    12    -0.560
  1895     1    -1.336
  1895     2    -1.230
  1895     3    -0.705
  1895     4    -0.199
  1895     5    -0.504
  1895     6    -0.455
  1895     7    -0.323
  1895     8    -0.417
  1895     9    -0.400
  1895    10    -0.181
  1895    11    -0.375
  1895    12    -0.241
  1896     1    -0.362
  1896     2    -0.584
  1896     3    -1.106
  1896     4    -1.058
  1896     5    -0.490
  1896     6    -0.262
  1896     7    -0.198
  1896     8    -0.308
  1896     9    -0.314
  1896    10     0.130
  1896    11    -0.759
  1896    12    -0.369
  1897     1    -0.687
  1897     2    -0.786
  1897     3    -1.012
  1897     4    -0.100
  1897     5    -0.006
  1897     6    -0.238
  1897     7    -0.171
  1897     8    -0.290
  1897     9    -0.251
  1897    10    -0.063
  1897    11    -0.464
  1897    12    -0.456
  1898     1     0.124
  1898     2    -0.909
  1898     3    -1.603
  1898     4    -0.487
  1898     5    -0.574
  1898     6    -0.120
  1898     7    -0.304
  1898     8    -0.353
  1898     9    -0.369
  1898    10    -0.463
  1898    11    -0.650
  1898    12    -0.236
  1899     1    -0.072
  1899     2    -0.885
  1899     3    -0.759
  1899     4    -0.102
  1899     5    -0.348
  1899     6    -0.620
  1899     7    -0.228
  1899     8    -0.139
  1899     9    -0.003
  1899    10     0.092
  1899    11     0.455
  1899    12    -0.655
  1900     1    -1.125
  1900     2    -0.124
  1900     3     0.128
  1900     4    -0.150
  1900     5     0.065
  1900     6    -0.157
  1900     7    -0.204
  1900     8    -0.079
  1900     9    -0.159
  1900    10     0.380
  1900    11    -0.373
  1900    12    -0.031
  1901     1    -0.489
  1901     2    -0.103
  1901     3     0.253
  1901     4     0.133
  1901     5    -0.209
  1901     6    -0.101
  1901     7    -0.062
  1901     8    -0.085
  1901     9    -0.151
  1901    10    -0.264
  1901    11    -0.195
  1901    12    -0.320
  1902     1     0.007
  1902     2     0.325
  1902     3    -0.506
  1902     4    -0.399
  1902     5    -0.457
  1902     6    -0.296
  1902     7    -0.193
  1902     8    -0.318
  1902     9    -0.331
  1902    10    -0.455
  1902    11    -0.892
  1902    12    -0.986
  1903     1    -0.159
  1903     2     0.261
  1903     3    -0.384
  1903     4    -0.489
  1903     5    -0.564
  1903     6    -0.644
  1903     7    -0.418
  1903     8    -0.500
  1903     9    -0.623
  1903    10    -0.438
  1903    11    -0.592
  1903    12    -0.761
  1904     1    -0.944
  1904     2    -0.930
  1904     3    -0.804
  1904     4    -0.690
  1904     5    -0.513
  1904     6    -0.528
  1904     7    -0.586
  1904     8    -0.457
  1904     9    -0.741
  1904    10    -0.485
  1904    11     0.068
  1904    12    -0.351
  1905     1    -0.339
  1905     2    -1.268
  1905     3    -0.647
  1905     4    -0.588
  1905     5    -0.367
  1905     6    -0.375
  1905     7    -0.318
  1905     8    -0.310
  1905     9    -0.340
  1905    10    -0.253
  1905    11     0.044
  1905    12    -0.289
  1906     1    -0.540
  1906     2    -0.870
  1906     3    -0.405
  1906     4     0.271
  1906     5    -0.104
  1906     6    -0.181
  1906     7    -0.261
  1906     8    -0.212
  1906     9    -0.350
  1906    10    -0.014
  1906    11    -0.622
  1906    12     0.049
  1907     1    -0.836
  1907     2    -1.124
  1907     3    -0.748
  1907     4    -0.774
  1907     5    -0.994
  1907     6    -0.803
  1907     7    -0.615
  1907     8    -0.558
  1907     9    -0.430
  1907    10    -0.038
  1907    11    -0.898
  1907    12    -0.687
  1908     1    -0.332
  1908     2    -0.412
  1908     3    -1.157
  1908     4    -0.517
  1908     5    -0.232
  1908     6    -0.263
  1908     7    -0.211
  1908     8    -0.522
  1908     9    -0.148
  1908    10    -0.405
  1908    11    -0.864
  1908    12    -0.598
  1909     1    -1.219
  1909     2    -0.523
  1909     3    -0.707
  1909     4    -0.756
  1909     5    -0.737
  1909     6    -0.544
  1909     7    -0.336
  1909     8    -0.139
  1909     9    -0.231
  1909    10    -0.100
  1909    11     0.095
  1909    12    -0.449
  1910     1    -0.292
  1910     2    -0.422
  1910     3    -0.680
  1910     4    -0.257
  1910     5    -0.353
  1910     6    -0.389
  1910     7    -0.131
  1910     8    -0.195
  1910     9    -0.375
  1910    10    -0.263
  1910    11    -0.802
  1910    12    -0.997
  1911     1    -0.992
  1911     2    -0.765
  1911     3    -0.935
  1911     4    -0.358
  1911     5    -0.555
  1911     6    -0.477
  1911     7    -0.334
  1911     8    -0.401
  1911     9    -0.462
  1911    10    -0.013
  1911    11    -0.171
  1911    12    -0.275
  1912     1    -0.250
  1912     2     0.086
  1912     3    -0.958
  1912     4    -0.093
  1912     5    -0.123
  1912     6    -0.065
  1912     7    -0.650
  1912     8    -0.814
  1912     9    -0.905
  1912    10    -0.928
  1912    11    -0.600
  1912    12    -0.612
  1913     1    -0.540
  1913     2    -0.828
  1913     3    -0.775
  1913     4    -0.312
  1913     5    -0.607
  1913     6    -0.493
  1913     7    -0.213
  1913     8    -0.159
  1913     9    -0.352
  1913    10    -0.189
  1913    11    -0.069
  1913    12     0.437
  1914     1     0.730
  1914     2    -0.025
  1914     3    -0.351
  1914     4    -0.233
  1914     5    -0.050
  1914     6    -0.005
  1914     7    -0.083
  1914     8    -0.175
  1914     9    -0.186
  1914    10     0.157
  1914    11    -0.322
  1914    12    -0.067
  1915     1    -0.310
  1915     2     0.062
  1915     3    -0.156
  1915     4     0.385
  1915     5     0.126
  1915     6    -0.228
  1915     7    -0.009
  1915     8    -0.160
  1915     9    -0.259
  1915    10    -0.279
  1915    11     0.083
  1915    12    -0.091
  1916     1    -0.055
  1916     2    -0.241
  1916     3    -0.459
  1916     4    -0.266
  1916     5    -0.385
  1916     6    -0.590
  1916     7    -0.354
  1916     8    -0.326
  1916     9    -0.411
  1916    10    -0.233
  1916    11    -0.520
  1916    12    -1.316
  1917     1    -0.499
  1917     2    -0.854
  1917     3    -0.869
  1917     4    -0.513
  1917     5    -0.935
  1917     6    -0.651
  1917     7    -0.123
  1917     8    -0.432
  1917     9    -0.394
  1917    10    -0.717
  1917    11    -0.302
  1917    12    -1.375
  1918     1    -0.699
  1918     2    -0.750
  1918     3    -0.512
  1918     4    -0.694
  1918     5    -0.860
  1918     6    -0.596
  1918     7    -0.419
  1918     8    -0.517
  1918     9    -0.244
  1918    10     0.180
  1918    11    -0.397
  1918    12    -0.801
  1919     1    -0.415
  1919     2    -0.344
  1919     3    -0.573
  1919     4     0.157
  1919     5    -0.390
  1919     6    -0.274
  1919     7    -0.125
  1919     8    -0.116
  1919     9    -0.154
  1919    10     0.083
  1919    11    -0.619
  1919    12    -0.437
  1920     1     0.229
  1920     2    -0.493
  1920     3    -0.060
  1920     4    -0.032
  1920     5    -0.214
  1920     6    -0.407
  1920     7    -0.150
  1920     8    -0.261
  1920     9    -0.337
  1920    10    -0.248
  1920    11    -0.554
  1920    12    -1.011
  1921     1     0.340
  1921     2    -0.081
  1921     3    -0.279
  1921     4    -0.037
  1921     5    -0.151
  1921     6    -0.061
  1921     7     0.023
  1921     8    -0.394
  1921     9    -0.274
  1921    10     0.005
  1921    11    -0.250
  1921    12     0.021
  1922     1    -0.488
  1922     2    -0.848
  1922     3    -0.140
  1922     4     0.060
  1922     5    -0.255
  1922     6    -0.162
  1922     7    -0.138
  1922     8    -0.386
  1922     9    -0.395
  1922    10    -0.247
  1922    11    -0.080
  1922    12    -0.020
  1923     1    -0.111
  1923     2    -0.663
  1923     3    -0.444
  1923     4    -0.598
  1923     5    -0.503
  1923     6    -0.236
  1923     7    -0.451
  1923     8    -0.351
  1923     9    -0.263
  1923    10     0.222
  1923    11     0.231
  1923    12     0.210
  1924     1    -0.314
  1924     2    -0.311
  1924     3     0.027
  1924     4    -0.391
  1924     5    -0.189
  1924     6    -0.200
  1924     7    -0.142
  1924     8    -0.314
  1924     9    -0.200
  1924    10    -0.070
  1924    11     0.248
  1924    12    -0.209
  1925     1    -0.348
  1925     2    -0.536
  1925     3    -0.281
  1925     4     0.058
  1925     5    -0.329
  1925     6    -0.441
  1925     7    -0.343
  1925     8    -0.180
  1925     9    -0.168
  1925    10    -0.085
  1925    11     0.208
  1925    12     0.669
  1926     1     0.805
  1926     2     0.458
  1926     3     0.482
  1926     4    -0.195
  1926     5    -0.486
  1926     6    -0.275
  1926     7    -0.245
  1926     8    -0.071
  1926     9    -0.066
  1926    10     0.268
  1926    11     0.129
  1926    12    -0.365
  1927     1    -0.302
  1927     2    -0.237
  1927     3    -0.704
  1927     4    -0.354
  1927     5    -0.261
  1927     6    -0.268
  1927     7    -0.134
  1927     8    -0.253
  1927     9     0.095
  1927    10     0.594
  1927    11     0.164
  1927    12    -0.473
  1928     1     0.364
  1928     2     0.088
  1928     3    -0.387
  1928     4    -0.115
  1928     5    -0.217
  1928     6    -0.447
  1928     7    -0.140
  1928     8    -0.248
  1928     9    -0.116
  1928    10     0.173
  1928    11     0.173
  1928    12     0.165
  1929     1    -0.614
  1929     2    -1.098
  1929     3    -0.279
  1929     4    -0.297
  1929     5    -0.468
  1929     6    -0.614
  1929     7    -0.495
  1929     8    -0.279
  1929     9    -0.313
  1929    10     0.163
  1929    11     0.030
  1929    12    -1.131
  1930     1    -0.310
  1930     2    -0.125
  1930     3     0.136
  1930     4    -0.210
  1930     5    -0.312
  1930     6    -0.196
  1930     7     0.018
  1930     8    -0.048
  1930     9    -0.271
  1930    10    -0.042
  1930    11     0.377
  1930    12     0.073
  1931     1     0.047
  1931     2    -0.525
  1931     3    -0.112
  1931     4    -0.229
  1931     5    -0.390
  1931     6     0.008
  1931     7     0.143
  1931     8     0.165
  1931     9     0.143
  1931    10     0.638
  1931    11     0.094
  1931    12     0.319
  1932     1     0.939
  1932     2    -0.292
  1932     3    -0.426
  1932     4     0.371
  1932     5    -0.176
  1932     6    -0.183
  1932     7    -0.053
  1932     8    -0.190
  1932     9     0.155
  1932    10     0.373
  1932    11    -0.290
  1932    12    -0.188
  1933     1    -0.508
  1933     2    -0.614
  1933     3    -0.518
  1933     4    -0.289
  1933     5    -0.339
  1933     6    -0.448
  1933     7    -0.193
  1933     8    -0.184
  1933     9    -0.301
  1933    10    -0.070
  1933    11    -0.281
  1933    12    -0.619
  1934     1    -0.222
  1934     2     0.395
  1934     3    -0.605
  1934     4    -0.401
  1934     5     0.080
  1934     6    -0.142
  1934     7    -0.074
  1934     8    -0.164
  1934     9    -0.410
  1934    10     0.127
  1934    11     0.223
  1934    12     0.250
  1935     1    -0.515
  1935     2     0.820
  1935     3     0.010
  1935     4    -0.644
  1935     5    -0.503
  1935     6    -0.233
  1935     7    -0.092
  1935     8    -0.170
  1935     9    -0.146
  1935    10     0.204
  1935    11    -0.709
  1935    12    -0.292
  1936     1    -0.453
  1936     2    -0.784
  1936     3    -0.358
  1936     4    -0.302
  1936     5    -0.170
  1936     6    -0.195
  1936     7     0.195
  1936     8    -0.076
  1936     9    -0.127
  1936    10     0.162
  1936    11     0.060
  1936    12     0.191
  1937     1    -0.234
  1937     2     0.267
  1937     3    -0.503
  1937     4    -0.259
  1937     5     0.018
  1937     6     0.047
  1937     7    -0.059
  1937     8     0.066
  1937     9     0.238
  1937    10     0.423
  1937    11     0.191
  1937    12    -0.235
  1938     1     0.231
  1938     2     0.145
  1938     3     0.283
  1938     4     0.525
  1938     5     0.085
  1938     6    -0.233
  1938     7     0.053
  1938     8     0.024
  1938     9     0.275
  1938    10     0.497
  1938    11     0.418
  1938    12    -0.190
  1939     1     0.262
  1939     2    -0.026
  1939     3    -0.439
  1939     4    -0.061
  1939     5     0.126
  1939     6    -0.013
  1939     7    -0.013
  1939     8    -0.006
  1939     9    -0.188
  1939    10    -0.063
  1939    11     0.028
  1939    12     1.241
  1940     1    -0.339
  1940     2     0.127
  1940     3     0.007
  1940     4     0.329
  1940     5    -0.081
  1940     6     0.036
  1940     7     0.186
  1940     8    -0.088
  1940     9     0.143
  1940    10     0.180
  1940    11    -0.081
  1940    12     0.419
  1941     1     0.067
  1941     2     0.367
  1941     3    -0.171
  1941     4     0.163
  1941     5     0.095
  1941     6     0.095
  1941     7     0.289
  1941     8     0.116
  1941     9    -0.298
  1941    10     0.433
  1941    11    -0.189
  1941    12    -0.009
  1942     1     0.434
  1942     2    -0.386
  1942     3    -0.071
  1942     4     0.039
  1942     5    -0.045
  1942     6     0.042
  1942     7    -0.166
  1942     8    -0.128
  1942     9     0.025
  1942    10     0.345
  1942    11     0.244
  1942    12     0.219
  1943     1    -0.282
  1943     2     0.267
  1943     3    -0.242
  1943     4     0.242
  1943     5     0.084
  1943     6    -0.384
  1943     7     0.054
  1943     8    -0.132
  1943     9    -0.030
  1943    10     0.625
  1943    11     0.097
  1943    12     0.546
  1944     1     0.850
  1944     2     0.312
  1944     3     0.152
  1944     4     0.052
  1944     5    -0.058
  1944     6    -0.063
  1944     7     0.063
  1944     8     0.109
  1944     9     0.322
  1944    10     0.523
  1944    11    -0.055
  1944    12    -0.248
  1945     1    -0.137
  1945     2    -0.626
  1945     3    -0.189
  1945     4     0.277
  1945     5    -0.293
  1945     6    -0.201
  1945     7    -0.188
  1945     8     0.391
  1945     9     0.094
  1945    10     0.298
  1945    11    -0.069
  1945    12    -0.537
  1946     1     0.325
  1946     2     0.203
  1946     3    -0.129
  1946     4     0.454
  1946     5    -0.023
  1946     6    -0.214
  1946     7     0.025
  1946     8    -0.087
  1946     9    -0.053
  1946    10     0.015
  1946    11     0.110
  1946    12    -0.522
  1947     1    -0.040
  1947     2     0.035
  1947     3     0.430
  1947     4     0.301
  1947     5    -0.042
  1947     6    -0.088
  1947     7    -0.041
  1947     8    -0.069
  1947     9     0.054
  1947    10     0.744
  1947    11     0.288
  1947    12    -0.024
  1948     1     0.714
  1948     2    -0.055
  1948     3    -0.453
  1948     4     0.110
  1948     5     0.133
  1948     6     0.122
  1948     7     0.031
  1948     8    -0.028
  1948     9     0.027
  1948    10     0.318
  1948    11     0.077
  1948    12    -0.184
  1949     1     0.576
  1949     2    -0.503
  1949     3    -0.307
  1949     4    -0.039
  1949     5    -0.072
  1949     6    -0.324
  1949     7    -0.193
  1949     8    -0.096
  1949     9    -0.180
  1949    10     0.263
  1949    11     0.012
  1949    12    -0.216
  1950     1    -0.640
  1950     2    -0.539
  1950     3    -0.124
  1950     4    -0.258
  1950     5    -0.088
  1950     6    -0.147
  1950     7    -0.239
  1950     8    -0.451
  1950     9    -0.147
  1950    10    -0.101
  1950    11    -0.747
  1950    12    -0.121
  1951     1    -0.507
  1951     2    -0.917
  1951     3    -0.280
  1951     4    -0.002
  1951     5     0.073
  1951     6    -0.287
  1951     7    -0.099
  1951     8     0.100
  1951     9     0.188
  1951    10     0.402
  1951    11     0.105
  1951    12     0.650
  1952     1     0.400
  1952     2     0.134
  1952     3    -0.405
  1952     4     0.092
  1952     5    -0.039
  1952     6    -0.075
  1952     7     0.155
  1952     8     0.055
  1952     9     0.128
  1952    10    -0.119
  1952    11    -0.674
  1952    12    -0.005
  1953     1     0.315
  1953     2     0.383
  1953     3     0.358
  1953     4     0.511
  1953     5     0.125
  1953     6     0.078
  1953     7    -0.004
  1953     8     0.147
  1953     9     0.098
  1953    10     0.324
  1953    11    -0.193
  1953    12     0.331
  1954     1    -0.582
  1954     2    -0.208
  1954     3    -0.193
  1954     4    -0.212
  1954     5    -0.390
  1954     6    -0.130
  1954     7    -0.155
  1954     8    -0.054
  1954     9    -0.024
  1954    10     0.287
  1954    11     0.464
  1954    12    -0.109
  1955     1     0.766
  1955     2    -0.101
  1955     3    -0.760
  1955     4    -0.244
  1955     5    -0.184
  1955     6     0.034
  1955     7    -0.143
  1955     8     0.377
  1955     9    -0.168
  1955    10     0.464
  1955    11    -0.141
  1955    12    -0.359
  1956     1    -0.176
  1956     2    -0.475
  1956     3    -0.457
  1956     4    -0.449
  1956     5    -0.652
  1956     6    -0.353
  1956     7    -0.191
  1956     8    -0.713
  1956     9    -0.326
  1956    10    -0.330
  1956    11    -0.373
  1956    12    -0.075
  1957     1    -0.155
  1957     2    -0.133
  1957     3    -0.324
  1957     4    -0.004
  1957     5    -0.123
  1957     6     0.265
  1957     7    -0.258
  1957     8     0.172
  1957     9     0.200
  1957    10     0.236
  1957    11     0.276
  1957    12     0.657
  1958     1     0.921
  1958     2     0.435
  1958     3     0.108
  1958     4     0.156
  1958     5     0.143
  1958     6    -0.327
  1958     7     0.043
  1958     8    -0.305
  1958     9    -0.265
  1958    10     0.120
  1958    11     0.159
  1958    12     0.150
  1959     1     0.307
  1959     2     0.086
  1959     3     0.514
  1959     4     0.454
  1959     5    -0.043
  1959     6     0.056
  1959     7     0.056
  1959     8    -0.040
  1959     9    -0.179
  1959    10    -0.106
  1959    11    -0.360
  1959    12     0.106
  1960     1     0.076
  1960     2     0.554
  1960     3    -1.068
  1960     4    -0.280
  1960     5    -0.505
  1960     6    -0.036
  1960     7    -0.187
  1960     8    -0.083
  1960     9    -0.028
  1960    10     0.223
  1960    11    -0.277
  1960    12     0.603
  1961     1     0.299
  1961     2     0.449
  1961     3     0.237
  1961     4     0.286
  1961     5     0.260
  1961     6     0.182
  1961     7    -0.072
  1961     8    -0.048
  1961     9     0.129
  1961    10     0.049
  1961    11     0.094
  1961    12    -0.164
  1962     1     0.355
  1962     2     0.450
  1962     3     0.193
  1962     4     0.171
  1962     5    -0.244
  1962     6    -0.080
  1962     7    -0.170
  1962     8    -0.194
  1962     9    -0.107
  1962    10     0.192
  1962    11     0.172
  1962    12     0.255
  1963     1     0.255
  1963     2     0.793
  1963     3    -0.241
  1963     4    -0.200
  1963     5    -0.333
  1963     6    -0.094
  1963     7     0.134
  1963     8     0.416
  1963     9     0.459
  1963    10     0.683
  1963    11     0.450
  1963    12     0.091
  1964     1     0.234
  1964     2    -0.209
  1964     3    -0.515
  1964     4    -0.446
  1964     5    -0.465
  1964     6    -0.033
  1964     7    -0.060
  1964     8    -0.246
  1964     9    -0.532
  1964    10    -0.426
  1964    11    -0.122
  1964    12    -0.213
  1965     1     0.219
  1965     2    -0.208
  1965     3    -0.158
  1965     4    -0.372
  1965     5    -0.144
  1965     6    -0.201
  1965     7    -0.301
  1965     8    -0.088
  1965     9    -0.378
  1965    10     0.233
  1965    11    -0.243
  1965    12     0.110
  1966     1    -0.154
  1966     2     0.047
  1966     3     0.192
  1966     4    -0.203
  1966     5    -0.155
  1966     6     0.050
  1966     7     0.225
  1966     8    -0.144
  1966     9     0.033
  1966    10    -0.105
  1966    11    -0.158
  1966    12    -0.293
  1967     1     0.071
  1967     2    -0.338
  1967     3     0.079
  1967     4     0.047
  1967     5     0.272
  1967     6    -0.329
  1967     7    -0.000
  1967     8    -0.163
  1967     9    -0.047
  1967    10     0.553
  1967    11     0.065
  1967    12     0.242
  1968     1    -0.281
  1968     2     0.006
  1968     3     0.792
  1968     4     0.086
  1968     5    -0.356
  1968     6    -0.272
  1968     7    -0.394
  1968     8    -0.409
  1968     9    -0.553
  1968    10     0.195
  1968    11    -0.220
  1968    12    -0.436
  1969     1    -0.683
  1969     2    -0.781
  1969     3    -0.247
  1969     4     0.216
  1969     5    -0.014
  1969     6    -0.025
  1969     7    -0.156
  1969     8    -0.081
  1969     9    -0.104
  1969    10     0.244
  1969    11     0.316
  1969    12     0.548
  1970     1     0.195
  1970     2     0.517
  1970     3    -0.043
  1970     4     0.236
  1970     5    -0.152
  1970     6     0.006
  1970     7     0.036
  1970     8    -0.239
  1970     9     0.176
  1970    10     0.095
  1970    11    -0.054
  1970    12    -0.145
  1971     1     0.338
  1971     2    -0.366
  1971     3    -0.325
  1971     4    -0.023
  1971     5    -0.145
  1971     6    -0.414
  1971     7    -0.234
  1971     8    -0.010
  1971     9     0.022
  1971    10     0.138
  1971    11     0.199
  1971    12     0.210
  1972     1    -0.761
  1972     2    -0.631
  1972     3    -0.101
  1972     4     0.004
  1972     5    -0.186
  1972     6     0.008
  1972     7    -0.140
  1972     8     0.277
  1972     9    -0.205
  1972    10     0.091
  1972    11    -0.296
  1972    12     0.125
  1973     1     0.408
  1973     2     0.666
  1973     3     0.505
  1973     4     0.601
  1973     5     0.404
  1973     6     0.325
  1973     7     0.079
  1973     8    -0.030
  1973     9     0.014
  1973    10     0.365
  1973    11     0.130
  1973    12     0.174
  1974     1    -0.368
  1974     2    -0.647
  1974     3    -0.124
  1974     4    -0.003
  1974     5    -0.162
  1974     6    -0.124
  1974     7    -0.073
  1974     8     0.115
  1974     9    -0.361
  1974    10    -0.148
  1974    11    -0.181
  1974    12    -0.115
  1975     1     0.417
  1975     2     0.172
  1975     3     0.393
  1975     4     0.238
  1975     5     0.388
  1975     6     0.048
  1975     7    -0.011
  1975     8    -0.414
  1975     9     0.013
  1975    10     0.068
  1975    11    -0.195
  1975    12    -0.001
  1976     1     0.258
  1976     2    -0.184
  1976     3    -0.809
  1976     4    -0.053
  1976     5    -0.383
  1976     6    -0.419
  1976     7    -0.197
  1976     8    -0.376
  1976     9    -0.211
  1976    10    -0.735
  1976    11    -0.426
  1976    12     0.026
  1977     1    -0.129
  1977     2     0.247
  1977     3     0.399
  1977     4     0.509
  1977     5     0.473
  1977     6     0.383
  1977     7     0.278
  1977     8     0.214
  1977     9    -0.240
  1977    10    -0.082
  1977    11     0.452
  1977    12     0.091
  1978     1     0.089
  1978     2     0.248
  1978     3     0.305
  1978     4     0.449
  1978     5     0.027
  1978     6    -0.274
  1978     7    -0.012
  1978     8    -0.590
  1978     9    -0.071
  1978    10     0.098
  1978    11     0.261
  1978    12     0.089
  1979     1     0.057
  1979     2    -0.380
  1979     3     0.120
  1979     4     0.118
  1979     5    -0.190
  1979     6    -0.064
  1979     7    -0.248
  1979     8    -0.055
  1979     9     0.127
  1979    10     0.342
  1979    11     0.197
  1979    12     0.950
  1980     1     0.328
  1980     2     0.434
  1980     3     0.049
  1980     4     0.570
  1980     5     0.401
  1980     6     0.081
  1980     7     0.364
  1980     8     0.307
  1980     9     0.225
  1980    10     0.300
  1980    11     0.580
  1980    12     0.350
  1981     1     1.185
  1981     2     0.819
  1981     3     0.932
  1981     4     0.607
  1981     5     0.155
  1981     6     0.270
  1981     7     0.357
  1981     8     0.617
  1981     9     0.098
  1981    10     0.124
  1981    11     0.159
  1981    12     0.854
  1982     1    -0.074
  1982     2     0.083
  1982     3    -0.439
  1982     4     0.130
  1982     5    -0.011
  1982     6    -0.239
  1982     7     0.197
  1982     8    -0.080
  1982     9    -0.056
  1982    10    -0.008
  1982    11    -0.125
  1982    12     0.689
  1983     1     0.834
  1983     2     0.620
  1983     3     0.372
  1983     4     0.354
  1983     5     0.399
  1983     6    -0.013
  1983     7     0.050
  1983     8     0.432
  1983     9     0.605
  1983    10     0.247
  1983    11     0.667
  1983    12     0.181
  1984     1     0.327
  1984     2    -0.125
  1984     3     0.355
  1984     4     0.077
  1984     5     0.637
  1984     6    -0.121
  1984     7     0.055
  1984     8     0.073
  1984     9    -0.079
  1984    10     0.136
  1984    11    -0.267
  1984    12    -0.470
  1985     1     0.400
  1985     2    -0.507
  1985     3     0.148
  1985     4     0.270
  1985     5     0.070
  1985     6     0.076
  1985     7    -0.365
  1985     8     0.180
  1985     9    -0.127
  1985    10     0.086
  1985    11    -0.111
  1985    12     0.160
  1986     1     0.700
  1986     2     0.792
  1986     3     0.468
  1986     4     0.518
  1986     5     0.246
  1986     6    -0.075
  1986     7    -0.048
  1986     8     0.101
  1986     9    -0.252
  1986    10     0.082
  1986    11    -0.144
  1986    12     0.123
  1987     1     0.534
  1987     2     0.932
  1987     3    -0.059
  1987     4     0.262
  1987     5     0.170
  1987     6     0.433
  1987     7     0.536
  1987     8     0.024
  1987     9     0.366
  1987    10     0.370
  1987    11    -0.040
  1987    12     0.855
  1988     1     0.862
  1988     2     0.220
  1988     3     0.605
  1988     4     0.656
  1988     5     0.519
  1988     6     0.603
  1988     7     0.419
  1988     8     0.664
  1988     9     0.604
  1988    10     0.757
  1988    11     0.215
  1988    12     0.744
  1989     1     0.106
  1989     2     0.423
  1989     3     0.484
  1989     4     0.370
  1989     5    -0.075
  1989     6    -0.016
  1989     7     0.275
  1989     8     0.269
  1989     9     0.315
  1989    10     0.537
  1989    11     0.116
  1989    12     0.800
  1990     1     0.653
  1990     2     0.458
  1990     3     1.393
  1990     4     0.825
  1990     5     0.468
  1990     6     0.408
  1990     7     0.439
  1990     8     0.231
  1990     9     0.126
  1990    10     0.658
  1990    11     0.832
  1990    12     0.799
  1991     1     0.628
  1991     2     0.862
  1991     3     0.263
  1991     4     0.909
  1991     5     0.281
  1991     6     0.798
  1991     7     0.649
  1991     8     0.472
  1991     9     0.595
  1991    10     0.524
  1991    11     0.371
  1991    12     0.453
  1992     1     0.976
  1992     2     0.717
  1992     3     0.604
  1992     4     0.222
  1992     5     0.185
  1992     6     0.086
  1992     7    -0.204
  1992     8    -0.096
  1992     9    -0.410
  1992    10     0.120
  1992    11    -0.186
  1992    12     0.446
  1993     1     0.700
  1993     2     0.557
  1993     3     0.616
  1993     4     0.343
  1993     5     0.133
  1993     6     0.046
  1993     7     0.223
  1993     8    -0.021
  1993     9    -0.141
  1993    10     0.388
  1993    11    -0.334
  1993    12     0.414
  1994     1     0.424
  1994     2    -0.398
  1994     3     0.415
  1994     4     0.668
  1994     5     0.322
  1994     6     0.651
  1994     7     0.307
  1994     8     0.095
  1994     9     0.439
  1994    10     0.766
  1994    11     0.693
  1994    12     0.462
  1995     1     0.926
  1995     2     1.461
  1995     3     0.634
  1995     4     0.635
  1995     5     0.218
  1995     6     0.656
  1995     7     0.752
  1995     8     0.768
  1995     9     0.481
  1995    10     0.872
  1995    11     0.666
  1995    12     0.481
  1996     1     0.262
  1996     2     0.764
  1996     3     0.204
  1996     4     0.334
  1996     5     0.217
  1996     6     0.185
  1996     7     0.471
  1996     8     0.720
  1996     9     0.229
  1996    10     0.277
  1996    11     0.429
  1996    12     0.668
  1997     1     0.566
  1997     2     0.545
  1997     3     0.666
  1997     4     0.534
  1997     5     0.221
  1997     6     0.632
  1997     7     0.172
  1997     8     0.356
  1997     9     0.595
  1997    10     0.873
  1997    11     0.768
  1997    12     0.780
  1998     1     0.754
  1998     2     1.613
  1998     3     0.690
  1998     4     1.010
  1998     5     0.923
  1998     6     1.037
  1998     7     0.987
  1998     8     1.011
  1998     9     0.576
  1998    10     0.713
  1998    11     0.332
  1998    12     1.037
  1999     1     0.931
  1999     2     1.462
  1999     3     0.190
  1999     4     0.447
  1999     5     0.332
  1999     6     0.536
  1999     7     0.480
  1999     8     0.469
  1999     9     0.628
  1999    10     0.766
  1999    11     0.504
  1999    12     0.939
  2000     1     0.361
  2000     2     0.989
  2000     3     0.889
  2000     4     1.208
  2000     5     0.526
  2000     6     0.563
  2000     7     0.484
  2000     8     0.653
  2000     9     0.458
  2000    10     0.239
  2000    11     0.208
  2000    12     0.221
  2001     1     0.743
  2001     2     0.532
  2001     3     0.910
  2001     4     0.893
  2001     5     0.916
  2001     6     0.610
  2001     7     0.797
  2001     8     0.543
  2001     9     0.633
  2001    10     0.679
  2001    11     1.236
  2001    12     0.880
  2002     1     1.421
  2002     2     1.490
  2002     3     1.456
  2002     4     0.892
  2002     5     0.878
  2002     6     0.583
  2002     7     0.976
  2002     8     0.666
  2002     9     0.862
  2002    10     0.732
  2002    11     0.794
  2002    12     0.383
  2003     1     1.370
  2003     2     0.881
  2003     3     0.735
  2003     4     0.804
  2003     5     0.794
  2003     6     0.507
  2003     7     0.624
  2003     8     0.795
  2003     9     0.816
  2003    10     1.159
  2003    11     0.627
  2003    12     1.469
  2004     1     0.938
  2004     2     1.283
  2004     3     1.017
  2004     4     0.892
  2004     5     0.175
  2004     6     0.397
  2004     7    -0.051
  2004     8     0.303
  2004     9     0.506
  2004    10     0.877
  2004    11     1.228
  2004    12     0.625
  2005     1     1.184
  2005     2     0.718
  2005     3     1.232
  2005     4     1.238
  2005     5     0.876
  2005     6     0.971
  2005     7     0.810
  2005     8     0.637
  2005     9     1.132
  2005    10     1.386
  2005    11     1.340
  2005    12     1.247
  2006     1     0.691
  2006     2     1.195
  2006     3     0.996
  2006     4     0.695
  2006     5     0.415
  2006     6     0.963
  2006     7     0.634
  2006     8     1.028
  2006     9     0.782
  2006    10     1.080
  2006    11     0.865
  2006    12     1.383
  2007     1     2.001
  2007     2     1.044
  2007     3     1.150
  2007     4     1.468
  2007     5     1.180
  2007     6     0.824
  2007     7     0.847
  2007     8     0.857
  2007     9     0.848
  2007    10     1.111
  2007    11     1.017
  2007    12     0.912
  2008     1     0.277
  2008     2     0.400
  2008     3     1.593
  2008     4     0.957
  2008     5     0.687
  2008     6     0.651
  2008     7     0.806
  2008     8     0.468
  2008     9     0.716
  2008    10     1.197
  2008    11     1.159
  2008    12     0.764
  2009     1     1.109
  2009     2     0.916
  2009     3     0.826
  2009     4     0.998
  2009     5     0.807
  2009     6     0.748
  2009     7     0.909
  2009     8     0.810
  2009     9     1.087
  2009    10     0.886
  2009    11     0.980
  2009    12     0.697
  2011     1     0.704
  2011     2     0.544
  2011     3     0.780
  2011     4     1.134
  2011     5     0.646
  2011     6     0.886
  2011     7     1.147
  2011     8     1.208
  2011     9     0.841
  2011    10     1.151
  2011    11     0.755
  2011    12     1.068
  2012     1     0.586
  2012     2     0.431
  2012     3     0.736
  2012     4     1.377
  2012     5     1.269
  2012     6     1.007
  2012     7     0.749
  2012     8     0.864
  2012     9     0.945
  2012    10     1.185
  2012    11     1.072
  2012    12     0.446
  2013     1     1.114
  2013     2     1.025
  2013     3     0.963
  2013     4     0.730
  2013     5     0.902
  2013     6     1.094
  2013     7     0.673
  2013     8     0.911
  2013     9     1.097
  2013    10     1.036
  2013    11     1.343
  2013    12     1.095
  2014     1     1.141
  2014     2     0.280
  2014     3     1.066
  2014     4     1.258
  2014     5     1.231
  2014     6     0.857
  2014     7     0.529
  2014     8     1.026
  2014     9     1.020
  2014    10     1.106
  2014    11     0.625
  2014    12     1.213
  2015     1     1.295
  2015     2     1.450
  2015     3     1.444
  2015     4     0.985
  2015     5     1.034
  2015     6     1.043
  2015     7     0.723
  2015     8     0.910
  2015     9     0.912
  2015    10     1.536
  2015    11     1.343
  2015    12     1.799
  2016     1     1.566
  2016     2     2.177
  2016     3     2.165
  2016     4     1.826
  2016     5     1.276
  2016     6     0.892
  2016     7     0.939
  2016     8     1.439
  2016     9     1.068
  2016    10     1.028
  2016    11     1.080
  2016    12     1.253
  2017     1     1.543
  2017     2     1.726
  2017     3     1.852
  2017     4     1.310
  2017     5     1.263
  2017     6     0.811
  2017     7     1.002
  2017     8     1.061
  2017     9     0.913
  2017    10     1.310
  2017    11     1.007
  2017    12     1.459
  2018     1     1.127
  2018     2     1.079
  2018     3     1.374
  2018     4     1.378
  2018     5     1.134
  2018     6     1.059
  2018     7     1.130
  2018     8     0.942
  2018     9     0.825
  2018    10     1.360
  2018    11     0.798
  2018    12     1.195
  2019     1     1.366
  2019     2     1.174
  2019     3     1.825
  2019     4     1.541
  2019     5     1.040
  2019     6     1.063
  2019     7     1.115
  2019     8     1.102
  2019     9     1.188
